000000 0
000010 1
000011 1
000100 1
000101 0
000110 0
000111 1
001000 1
001001 0
001010 0
001011 1
001100 0
001101 1
001111 0
010000 1
010001 0
010010 0
010011 1
010100 0
010101 1
010110 1
010111 0
011000 0
011001 1
011010 1
011011 0
011100 1
011101 0
011110 0
011111 1
100000 1
100001 0
100010 0
100011 1
100100 0
100101 1
100110 1
100111 0
101000 0
101010 1
101011 0
101100 1
101101 0
101110 0
101111 1
110000 0
110001 1
110010 1
110011 0
110100 1
110101 0
110110 0
110111 1
111000 1
111001 0
111010 0
111011 1
111100 0
111101 1
111110 1
